Part 2 Enhanced Training Summary
================================

Algorithm: q_learning
Exploration: epsilon_greedy
Reward shaping: none, weight=0.1
Grid: 6x6, episodes=500

Greedy trained policy evaluation:
  episodes: 300
  avg_score: 9.42
  std_score: 3.6088225226519524
  max_score: 19
  avg_reward: 80.34800000000006
  avg_steps: 48.60333333333333

Random baseline evaluation:
  episodes: 300
  avg_score: 0.18666666666666668
  std_score: 0.4379751388175158
  max_score: 3
  avg_reward: -8.887
  avg_steps: 8.723333333333333

Final Q-table / visit statistics:
  epsilon: 0.08157186144027828
  temperature: 0.08157186144027828
  visited_states: 205
  visited_state_action_pairs: 497
  total_updates: 9773
  q_mean: 0.1124828200649473
  q_mean_abs: 0.25119793458455425
  q_max: 16.35795835354113
  q_min: -7.17570463519
