Part 2 Enhanced Training Summary
================================

Algorithm: expected_sarsa
Exploration: epsilon_greedy
Reward shaping: none, weight=0.1
Grid: 6x6, episodes=10000

Greedy trained policy evaluation:
  episodes: 300
  avg_score: 13.45
  std_score: 4.339834866290037
  max_score: 30
  avg_reward: 118.85800000000015
  avg_steps: 67.50333333333333

Random baseline evaluation:
  episodes: 300
  avg_score: 0.17666666666666667
  std_score: 0.4228343515951476
  max_score: 2
  avg_reward: -9.004333333333333
  avg_steps: 8.886666666666667

Final Q-table / visit statistics:
  epsilon: 0.01
  temperature: 0.05
  visited_states: 256
  visited_state_action_pairs: 750
  total_updates: 597561
  q_mean: 0.2559183896400777
  q_mean_abs: 0.9112440206526954
  q_max: 22.926655410028083
  q_min: -9.99999999294492
